heading_calibration:
  scarab40:  2.14405139
  scarab41:  1.85047708
  scarab42: -2.23095463
  scarab44:  2.53471006
  scarab46: -0.02625580
