heading_calibration:
  scarab40: -1.57481683
  scarab41: -0.56709726
  scarab42:  1.08967901
  scarab44:  2.53471006
  scarab45: -1.57431902
  scarab46: -1.58097431
