heading_calibration:
  scarab41:  1.85047708
  scarab42: -2.23095463
  scarab44:  2.53471006
